...
---
C_M: !!opencv-matrix
   rows: 4
   cols: 4
   dt: d
   data: [ -8.0518479681756949e-01, -5.8975146951635127e-01,
       6.2214525451484759e-02, -1.2302222103001543e+00,
       -2.1444506290805965e-02, -7.5886187048393450e-02,
       -9.9688586095159326e-01, 1.5267426235178758e+00,
       5.9263612455181369e-01, -8.0401149918304016e-01,
       4.8455475001764503e-02, 1.8129985762351368e+00, 0., 0., 0., 1. ]
...
---
M_C: !!opencv-matrix
   rows: 4
   cols: 4
   dt: d
   data: [ -8.0518479681756949e-01, -2.1444506290805965e-02,
       5.9263612455181369e-01, -2.0322644286844680e+00,
       -5.8975146951635127e-01, -7.5886187048393450e-02,
       -8.0401149918304016e-01, 8.4800502324239246e-01,
       6.2214525451484759e-02, -9.9688586095159326e-01,
       4.8455475001764503e-02, 1.5106761185218163e+00, 0., 0., 0., 1. ]
...
---
C_M: !!opencv-matrix
   rows: 4
   cols: 4
   dt: d
   data: [ -8.0518479662998921e-01, -5.8975146979562210e-01,
       6.2214525231865159e-02, -1.2302222117749377e+00,
       -2.1444506082688275e-02, -7.5886186933580957e-02,
       -9.9688586096481058e-01, 1.5267426238709791e+00,
       5.9263612481420047e-01, -8.0401149898902902e-01,
       4.8455475011834559e-02, 1.8129985769246739e+00, 0., 0., 0., 1. ]
...
---
M_C: !!opencv-matrix
   rows: 4
   cols: 4
   dt: d
   data: [ -8.0518479662998921e-01, -2.1444506082688275e-02,
       5.9263612481420047e-01, -2.0322644308356970e+00,
       -5.8975146979562210e-01, -7.5886186933580957e-02,
       -8.0401149898902902e-01, 8.4800502208323192e-01,
       6.2214525231865159e-02, -9.9688586096481058e-01,
       4.8455475011834559e-02, 1.5106761186639026e+00, 0., 0., 0., 1. ]
