%YAML:1.0
CM1: !!opencv-matrix
   rows: 3
   cols: 3
   dt: d
   data: [ 5.0221368563833965e+02, 0., 4.7610584946731547e+02, 0.,
       5.0268849825176869e+02, 3.6073071897349848e+02, 0., 0., 1. ]
D1: !!opencv-matrix
   rows: 1
   cols: 5
   dt: d
   data: [ -3.2587021051876525e-01, 1.1137886872576558e-01,
       -8.0030372520954252e-04, 1.4677531243862570e-03,
       -1.6824659875846807e-02 ]
