...
---
C_M: !!opencv-matrix
   rows: 4
   cols: 4
   dt: d
   data: [ 8.3406867960338182e-01, 5.4717151685801924e-01,
       -7.0233673148752895e-02, 1.0188602114887242e+00,
       -1.2594921384603966e-01, 6.4925327859390342e-02,
       -9.8990984303314988e-01, -1.4178091533775152e+00,
       -5.3709052610918029e-01, 8.3449867162365532e-01,
       1.2306800486771094e-01, -2.0110444084962986e+00, 0., 0., 0., 1. ]
...
---
M_C: !!opencv-matrix
   rows: 4
   cols: 4
   dt: d
   data: [ 8.3406867960338182e-01, -1.2594921384603966e-01,
       -5.3709052610918029e-01, -2.1084842389366418e+00,
       5.4717151685801924e-01, 6.4925327859390342e-02,
       8.3449867162365532e-01, 1.2127743242048532e+00,
       -7.0233673148752895e-02, -9.8990984303314988e-01,
       1.2306800486771094e-01, -1.0844497183389257e+00, 0., 0., 0., 1. ]
