...
---
C_M: !!opencv-matrix
   rows: 4
   cols: 4
   dt: d
   data: [ 8.5582041791998020e-02, -9.9499512135799584e-01,
       5.1579284567545847e-02, 9.5479721603673617e-01,
       -1.0499182832616472e-01, -6.0487387795801095e-02,
       -9.9263185114239083e-01, 1.0343294754790409e+00,
       9.9078374537910241e-01, 7.9536057178034192e-02,
       -1.0964299111721915e-01, 6.8147894412134402e-01, 0., 0., 0., 1. ]
...
---
M_C: !!opencv-matrix
   rows: 4
   cols: 4
   dt: d
   data: [ 8.5582041791998020e-02, -1.0499182832616472e-01,
       9.9078374537910241e-01, -6.4831561317709308e-01,
       -9.9499512135799584e-01, -6.0487387795801095e-02,
       7.9536057178034192e-02, 9.5838031166941551e-01,
       5.1579284567545847e-02, -9.9263185114239083e-01,
       -1.0964299111721915e-01, 1.0521800144425075e+00, 0., 0., 0., 1. ]
