...
---
C_M: !!opencv-matrix
   rows: 4
   cols: 4
   dt: d
   data: [ 5.8821879412218059e-02, -9.9813739965621284e-01,
       1.6177697918669520e-02, -2.6654586748282827e-01,
       -4.4757254359678089e-02, -1.8826387888408347e-02,
       -9.9882048201929563e-01, 5.7902331511706107e-01,
       9.9726464626226330e-01, 5.8028428607092675e-02,
       -4.5781293000460410e-02, 3.1215802869847487e-01, 0., 0., 0., 1. ]
...
---
M_C: !!opencv-matrix
   rows: 4
   cols: 4
   dt: d
   data: [ 5.8821879412218059e-02, -4.4757254359678089e-02,
       9.9726464626226330e-01, -2.6970994339813165e-01,
       -9.9813739965621284e-01, -1.8826387888408347e-02,
       5.8028428607092675e-02, -2.7326252141405410e-01,
       1.6177697918669520e-02, -9.9882048201929563e-01,
       -4.5781293000460410e-02, 5.9694344340553129e-01, 0., 0., 0., 1. ]
