...
---
C_M: !!opencv-matrix
   rows: 4
   cols: 4
   dt: d
   data: [ -8.2342399250924991e-01, -5.6318721166184937e-01,
       6.9232168683915352e-02, -1.0875535459075629e+00,
       -1.6919386013911630e-02, -9.7587328003789331e-02,
       -9.9508313611978827e-01, 1.4447097047959030e+00,
       5.6717427915680296e-01, -8.2054669460892482e-01,
       7.0826965410984544e-02, 1.8399939033470725e+00, 0., 0., 0., 1. ]
...
---
M_C: !!opencv-matrix
   rows: 4
   cols: 4
   dt: d
   data: [ -8.2342399250924991e-01, -1.6919386013911630e-02,
       5.6717427915680296e-01, -1.9146712974490991e+00,
       -5.6318721166184937e-01, -9.7587328003789331e-02,
       -8.2054669460892482e-01, 1.0382900262715518e+00,
       6.9232168683915352e-02, -9.9508313611978827e-01,
       7.0826965410984544e-02, 1.3825787698252778e+00, 0., 0., 0., 1. ]
