...
---
C_M: !!opencv-matrix
   rows: 4
   cols: 4
   dt: d
   data: [ -7.1939272427187873e-01, 4.0377114824893762e-01,
       -5.6519285921393159e-01, 1.4592153519712254e+00,
       3.7788054528088227e-01, -4.5524377847078012e-01,
       -8.0620059269506283e-01, -5.6014786637781022e-01,
       -5.8282107182471343e-01, -7.9355022651712592e-01,
       1.7492180033292171e-01, 1.0125225890911373e+00, 0., 0., 0., 1. ]
...
---
M_C: !!opencv-matrix
   rows: 4
   cols: 4
   dt: d
   data: [ -7.1939272427187873e-01, 3.7788054528088227e-01,
       -5.8282107182471343e-01, 1.8515373891595286e+00,
       4.0377114824893762e-01, -4.5524377847078012e-01,
       -7.9355022651712592e-01, -4.0705359473100611e-02,
       -5.6519285921393159e-01, -8.0620059269506283e-01,
       1.7492180033292171e-01, 1.9603428095724210e-01, 0., 0., 0., 1. ]
