...
---
C_M: !!opencv-matrix
   rows: 4
   cols: 4
   dt: d
   data: [ 8.4659630568579058e-02, -9.9578836642772606e-01,
       3.5189149452522384e-02, 1.0634888598358503e+00,
       -8.8092992656726654e-02, -4.2657765815478033e-02,
       -9.9519844235228450e-01, 9.3444580181000059e-01,
       9.9250812167799063e-01, 8.1153214987652489e-02,
       -9.1333367946191124e-02, 5.3195753463837780e-01, 0., 0., 0., 1. ]
...
---
M_C: !!opencv-matrix
   rows: 4
   cols: 4
   dt: d
   data: [ 8.4659630568579058e-02, -8.8092992656726654e-02,
       9.9250812167799063e-01, -5.3568862034693598e-01,
       -9.9578836642772606e-01, -4.2657765815478033e-02,
       8.1153214987652489e-02, 1.0557011404580841e+00,
       3.5189149452522384e-02, -9.9519844235228450e-01,
       -9.1333367946191124e-02, 9.4112121123696346e-01, 0., 0., 0., 1. ]
