...
---
C_M: !!opencv-matrix
   rows: 4
   cols: 4
   dt: d
   data: [ -8.0442312327898025e-01, -5.9017056462469586e-01,
       6.7839099232362032e-02, -1.2326916253046685e+00,
       -1.2114551480427838e-02, -9.7875356518562162e-02,
       -9.9512494302413734e-01, 1.4182975641386193e+00,
       5.9393322551993899e-01, -8.0132335498033025e-01,
       7.1583548295326649e-02, 1.8141927240299751e+00, 0., 0., 0., 1. ]
...
---
M_C: !!opencv-matrix
   rows: 4
   cols: 4
   dt: d
   data: [ -8.0442312327898025e-01, -1.2114551480427838e-02,
       5.9393322551993899e-01, -2.0519329447100287e+00,
       -5.9017056462469586e-01, -9.7875356518562162e-02,
       -8.0132335498033025e-01, 8.6507306742588952e-01,
       6.7839099232362032e-02, -9.9512494302413734e-01,
       7.1583548295326649e-02, 1.3651416197190314e+00, 0., 0., 0., 1. ]
