...
---
C_M: !!opencv-matrix
   rows: 4
   cols: 4
   dt: d
   data: [ -7.9985171597783999e-01, -5.9566704492369404e-01,
       7.3607092315745026e-02, -1.2658299998436759e+00,
       -2.3594319862378421e-02, -9.1337734356655709e-02,
       -9.9554041924616243e-01, 1.4529008190800088e+00,
       5.9973372467915842e-01, -7.9802142193957859e-01,
       5.9002284769291813e-02, 1.8001164877320144e+00, 0., 0., 0., 1. ]
...
---
M_C: !!opencv-matrix
   rows: 4
   cols: 4
   dt: d
   data: [ -7.9985171597783999e-01, -2.3594319862378421e-02,
       5.9973372467915842e-01, -2.0577866569013934e+00,
       -5.9566704492369404e-01, -9.1337734356655709e-02,
       -7.9802142193957859e-01, 8.1522297287383683e-01,
       7.3607092315745026e-02, -9.9554041924616243e-01,
       5.9002284769291813e-02, 1.4333845705774761e+00, 0., 0., 0., 1. ]
...
---
C_M: !!opencv-matrix
   rows: 4
   cols: 4
   dt: d
   data: [ -7.9985171577771874e-01, -5.9566704517385105e-01,
       7.3607092465963808e-02, -1.2658300012447321e+00,
       -2.3594320093785426e-02, -9.1337734266895620e-02,
       -9.9554041924891334e-01, 1.4529008196965245e+00,
       5.9973372493695187e-01, -7.9802142176312751e-01,
       5.9002284535474625e-02, 1.8001164883583287e+00, 0., 0., 0., 1. ]
...
---
M_C: !!opencv-matrix
   rows: 4
   cols: 4
   dt: d
   data: [ -7.9985171577771874e-01, -2.3594320093785426e-02,
       5.9973372493695187e-01, -2.0577866582576334e+00,
       -5.9566704517385105e-01, -9.1337734266895620e-02,
       -7.9802142176312751e-01, 8.1522297183069603e-01,
       7.3607092465963808e-02, -9.9554041924891334e-01,
       5.9002284535474625e-02, 1.4333845718724627e+00, 0., 0., 0., 1. ]
