...
---
C_M: !!opencv-matrix
   rows: 4
   cols: 4
   dt: d
   data: [ -3.7187878622624793e-02, -9.9925677758293741e-01,
       -1.0146631860518951e-02, 2.3695853450947257e-01,
       -4.7887487873645385e-02, 1.1923965058181829e-02,
       -9.9878156148501396e-01, 1.1830823004055809e-01,
       9.9816023272253251e-01, -3.6656670768841548e-02,
       -4.8295323784444899e-02, 2.8829228450958705e-01, 0., 0., 0., 1. ]
...
---
M_C: !!opencv-matrix
   rows: 4
   cols: 4
   dt: d
   data: [ -3.7187878622624793e-02, -4.7887487873645385e-02,
       9.9816023272253251e-01, -2.7328442464684694e-01,
       -9.9925677758293741e-01, 1.1923965058181829e-02,
       -3.6656670768841548e-02, 2.4593955377207699e-01,
       -1.0146631860518951e-02, -9.9878156148501396e-01,
       -4.8295323784444899e-02, 1.3449157897726036e-01, 0., 0., 0., 1. ]
