...
---
C_M: !!opencv-matrix
   rows: 4
   cols: 4
   dt: d
   data: [ -3.3660609044476808e-01, -9.4149011529492443e-01,
       1.7108555679497650e-02, 9.9253137646886780e-01,
       -1.3583764251189967e-01, 3.0570549940718728e-02,
       -9.9025934802612769e-01, 1.0148294853814719e+00,
       9.3179636978918201e-01, -3.3565131353574640e-01,
       -1.3818003100821097e-01, 5.2691723775296595e-01, 0., 0., 0., 1. ]
...
---
M_C: !!opencv-matrix
   rows: 4
   cols: 4
   dt: d
   data: [ -3.3660609044476808e-01, -1.3583764251189967e-01,
       9.3179636978918201e-01, -1.9035418194823628e-02,
       -9.4149011529492443e-01, 3.0570549940718728e-02,
       -3.3565131353574640e-01, 1.0802950475777464e+00,
       1.7108555679497650e-02, -9.9025934802612769e-01,
       -1.3818003100821097e-01, 1.0607730464850467e+00, 0., 0., 0., 1. ]
