...
---
C_M: !!opencv-matrix
   rows: 4
   cols: 4
   dt: d
   data: [ 9.9651458920533509e-01, -6.8478732618519902e-02,
       -4.7637555351671405e-02, 2.2491768864262784e-01,
       6.4918601972434528e-02, 9.9524281993797681e-01,
       -7.2645058192890952e-02, -2.1037375611921566e-01,
       5.2385576439196675e-02, 6.9299296828071441e-02,
       9.9621953345649072e-01, -1.3782310278380033e-01, 0., 0., 0., 1. ]
...
---
M_C: !!opencv-matrix
   rows: 4
   cols: 4
   dt: d
   data: [ 9.9651458920533509e-01, 6.4918601972434528e-02,
       5.2385576439196675e-02, -2.0325664527780432e-01,
       -6.8478732618519902e-02, 9.9524281993797681e-01,
       6.9299296828071441e-02, 2.3432609265234680e-01,
       -4.7637555351671405e-02, -7.2645058192890952e-02,
       9.9621953345649072e-01, 1.3273398224154925e-01, 0., 0., 0., 1. ]
