...
---
C_M: !!opencv-matrix
   rows: 4
   cols: 4
   dt: d
   data: [ -8.5355150894841314e-01, -5.2054048195662650e-01,
       -2.2077776524148246e-02, -9.3623639048313723e-01,
       4.8328955360564946e-02, -3.6912284053733702e-02,
       -9.9814918492161930e-01, 1.5988033883771646e+00,
       5.1876211662537941e-01, -8.5303873882157277e-01,
       5.6663713468645627e-02, 1.6453289675578662e+00, 0., 0., 0., 1. ]
...
---
M_C: !!opencv-matrix
   rows: 4
   cols: 4
   dt: d
   data: [ -8.5355150894841314e-01, 4.8328955360564946e-02,
       5.1876211662537941e-01, -1.7299288191718665e+00,
       -5.2054048195662650e-01, -3.6912284053733702e-02,
       -8.5303873882157277e-01, 9.7519589032258780e-01,
       -2.2077776524148246e-02, -9.9814918492161930e-01,
       5.6663713468645627e-02, 1.4819438319763667e+00, 0., 0., 0., 1. ]
