...
---
C_M: !!opencv-matrix
   rows: 4
   cols: 4
   dt: d
   data: [ 1.1918381607922213e-01, -9.9211114256466160e-01,
       3.8867708754640851e-02, 9.8764554765146206e-01,
       -9.8532396018951418e-02, -5.0772199336780011e-02,
       -9.9383778893201213e-01, 9.1865873142076426e-01,
       9.8797094335793012e-01, 1.1461965177729228e-01,
       -1.0380631246168820e-01, 4.6692145262361334e-01, 0., 0., 0., 1. ]
...
---
M_C: !!opencv-matrix
   rows: 4
   cols: 4
   dt: d
   data: [ 1.1918381607922213e-01, -9.8532396018951418e-02,
       9.8797094335793012e-01, -4.8849854739474258e-01,
       -9.9211114256466160e-01, -5.0772199336780011e-02,
       1.1461965177729228e-01, 9.7297810265649531e-01,
       3.8867708754640851e-02, -9.9383778893201213e-01,
       -1.0380631246168820e-01, 9.2307963712547692e-01, 0., 0., 0., 1. ]
