...
---
C_M: !!opencv-matrix
   rows: 4
   cols: 4
   dt: d
   data: [ 8.6959877499023674e-02, -9.9561001386114567e-01,
       3.4621958418956322e-02, 1.0652074801758011e+00,
       -1.0039985873715745e-01, -4.3335330641602721e-02,
       -9.9400297659702297e-01, 9.2890830597759555e-01,
       9.9113967132332748e-01, 8.2962337344075210e-02,
       -1.0372753979293187e-01, 5.4021397352430167e-01, 0., 0., 0., 1. ]
...
---
M_C: !!opencv-matrix
   rows: 4
   cols: 4
   dt: d
   data: [ 8.6959877499023674e-02, -1.0039985873715745e-01,
       9.9113967132332748e-01, -5.3479554945035368e-01,
       -9.9561001386114567e-01, -4.3335330641602721e-02,
       8.2962337344075210e-02, 1.0559683687685892e+00,
       3.4621958418956322e-02, -9.9400297659702297e-01,
       -1.0372753979293187e-01, 9.4249311847666017e-01, 0., 0., 0., 1. ]
