...
---
C_M: !!opencv-matrix
   rows: 4
   cols: 4
   dt: d
   data: [ 2.5344940437819874e-02, -9.9957185365910139e-01,
       1.4619964661765905e-02, -2.6982974671127761e-02,
       -6.9525018990551468e-02, -1.6351736381588489e-02,
       -9.9744618524092332e-01, 1.8132398712528464e-01,
       9.9725819411452643e-01, 2.4263760834111359e-02,
       -6.9909685892716122e-02, 4.6849895461769736e-02, 0., 0., 0., 1. ]
...
---
M_C: !!opencv-matrix
   rows: 4
   cols: 4
   dt: d
   data: [ 2.5344940437819874e-02, -6.9525018990551468e-02,
       9.9725819411452643e-01, -3.3431006608455972e-02,
       -9.9957185365910139e-01, -1.6351736381588489e-02,
       2.4263760834111359e-02, -2.5143214630712060e-02,
       1.4619964661765905e-02, -9.9744618524092332e-01,
       -6.9909685892716122e-02, 1.8453067086278957e-01, 0., 0., 0., 1. ]
