...
---
C_M: !!opencv-matrix
   rows: 4
   cols: 4
   dt: d
   data: [ 8.0875762243629701e-01, 5.8083763957820800e-01,
       -9.2405327770665430e-02, 1.1932644670522750e+00,
       -1.5663546014131460e-01, 6.1275670876119723e-02,
       -9.8575383579522546e-01, -1.1937062230813642e+00,
       -5.6690073273678787e-01, 8.1170987958007357e-01,
       1.4053693683368731e-01, -1.8788514994254584e+00, 0., 0., 0., 1. ]
...
---
M_C: !!opencv-matrix
   rows: 4
   cols: 4
   dt: d
   data: [ 8.0875762243629701e-01, -1.5663546014131460e-01,
       -5.6690073273678787e-01, -2.2171607485647180e+00,
       5.8083763957820800e-01, 6.1275670876119723e-02,
       8.1170987958007357e-01, 9.0513455756059724e-01,
       -9.2405327770665430e-02, -9.8575383579522546e-01,
       1.4053693683368731e-01, -8.0238845952539761e-01, 0., 0., 0., 1. ]
