...
---
C_M: !!opencv-matrix
   rows: 4
   cols: 4
   dt: d
   data: [ -8.1023942954299288e-01, -5.7887884874043760e-01,
       9.1713386671691044e-02, -1.1859351644970397e+00,
       -4.7914645706518821e-02, -9.0534726493566309e-02,
       -9.9473999116631184e-01, 1.4763841120575616e+00,
       5.8413718726054786e-01, -8.1037197741511335e-01,
       4.5618030203582682e-02, 1.8328304074129955e+00, 0., 0., 0., 1. ]
...
---
M_C: !!opencv-matrix
   rows: 4
   cols: 4
   dt: d
   data: [ -8.1023942954299288e-01, -4.7914645706518821e-02,
       5.8413718726054786e-01, -1.9607754084129165e+00,
       -5.7887884874043760e-01, -9.0534726493566309e-02,
       -8.1037197741511335e-01, 9.3242565060154736e-01,
       9.1713386671691044e-02, -9.9473999116631184e-01,
       4.5618030203582682e-02, 1.4937743360118838e+00, 0., 0., 0., 1. ]
