...
---
C_M: !!opencv-matrix
   rows: 4
   cols: 4
   dt: d
   data: [ -8.0535498791471927e-01, -5.8837948254650363e-01,
       7.2200609133103999e-02, -1.2257446341882929e+00,
       -1.5785599554341612e-02, -1.0046788556380593e-01,
       -9.9481506764677019e-01, 1.4113584277037383e+00,
       5.9258261726749339e-01, -8.0231900668539979e-01,
       7.1624389866586369e-02, 1.8152352774242213e+00, 0., 0., 0., 1. ]
...
---
M_C: !!opencv-matrix
   rows: 4
   cols: 4
   dt: d
   data: [ -8.0535498791471927e-01, -1.5785599554341612e-02,
       5.9258261726749339e-01, -2.0405572877381974e+00,
       -5.8837948254650363e-01, -1.0046788556380593e-01,
       -8.0231900668539979e-01, 8.7699096808948829e-01,
       7.2200609133103999e-02, -9.9481506764677019e-01,
       7.1624389866586369e-02, 1.3625250197501486e+00, 0., 0., 0., 1. ]
