...
---
C_M: !!opencv-matrix
   rows: 4
   cols: 4
   dt: d
   data: [ -8.0542545467512505e-01, -5.8827347797953222e-01,
       7.2278295962433126e-02, -1.2249326671722864e+00,
       -1.3403751833808264e-02, -1.0383830709592268e-01,
       -9.9450386898002108e-01, 1.4024314637160411e+00,
       5.9254550576149501e-01, -8.0196753119145547e-01,
       7.5748943996180040e-02, 1.8133732729382872e+00, 0., 0., 0., 1. ]
...
---
M_C: !!opencv-matrix
   rows: 4
   cols: 4
   dt: d
   data: [ -8.0542545467512505e-01, -1.3403751833808264e-02,
       5.9254550576149501e-01, -2.0423002902476730e+00,
       -5.8827347797953222e-01, -1.0383830709592268e-01,
       -8.0196753119145547e-01, 8.7929719542903251e-01,
       7.2278295962433126e-02, -9.9450386898002108e-01,
       7.5748943996180040e-02, 1.3458984520008761e+00, 0., 0., 0., 1. ]
...
---
C_M: !!opencv-matrix
   rows: 4
   cols: 4
   dt: d
   data: [ -8.0542545467512505e-01, -5.8827347797953222e-01,
       7.2278295962433126e-02, -1.2249326671722864e+00,
       -1.3403751833808264e-02, -1.0383830709592268e-01,
       -9.9450386898002108e-01, 1.4024314637160411e+00,
       5.9254550576149501e-01, -8.0196753119145547e-01,
       7.5748943996180040e-02, 1.8133732729382872e+00, 0., 0., 0., 1. ]
...
---
M_C: !!opencv-matrix
   rows: 4
   cols: 4
   dt: d
   data: [ -8.0542545467512505e-01, -1.3403751833808264e-02,
       5.9254550576149501e-01, -2.0423002902476730e+00,
       -5.8827347797953222e-01, -1.0383830709592268e-01,
       -8.0196753119145547e-01, 8.7929719542903251e-01,
       7.2278295962433126e-02, -9.9450386898002108e-01,
       7.5748943996180040e-02, 1.3458984520008761e+00, 0., 0., 0., 1. ]
