...
---
C_M: !!opencv-matrix
   rows: 4
   cols: 4
   dt: d
   data: [ 1.0227494874806375e-01, -2.9548027062913107e-01,
       -9.4985853921913876e-01, -1.0103159119291329e+00,
       6.3426884274914386e-01, -7.1621744647827268e-01,
       2.9109380700695853e-01, -2.6761949452993359e+00,
       -7.6631773434799388e-01, -6.3223728063843099e-01,
       1.1416282667610833e-01, -1.7906277762921257e+00, 0., 0., 0., 1. ]
...
---
M_C: !!opencv-matrix
   rows: 4
   cols: 4
   dt: d
   data: [ 1.0227494874806375e-01, 6.3426884274914386e-01,
       -7.6631773434799388e-01, 4.2856725844925525e-01,
       -2.9548027062913107e-01, -7.1621744647827268e-01,
       -6.3223728063843099e-01, -3.3473675649966630e+00,
       -9.4985853921913876e-01, 2.9109380700695853e-01,
       1.1416282667610833e-01, 2.3789707131367771e-02, 0., 0., 0., 1. ]
