...
---
C_M: !!opencv-matrix
   rows: 4
   cols: 4
   dt: d
   data: [ 6.9790989667670944e-02, -9.9654205880629343e-01,
       -4.5090384688103502e-02, 9.5556556241496104e-01,
       -2.1736372791693215e-02, 4.3670711957540631e-02,
       -9.9880949085147486e-01, 7.1109107161678842e-01,
       9.9732479557016318e-01, 7.0688004266888316e-02,
       -1.8613387485806432e-02, 6.6330897802190092e-01, 0., 0., 0., 1. ]
...
---
M_C: !!opencv-matrix
   rows: 4
   cols: 4
   dt: d
   data: [ 6.9790989667670944e-02, -2.1736372791693215e-02,
       9.9732479557016318e-01, -7.1276781657732380e-01,
       -9.9654205880629343e-01, 4.3670711957540631e-02,
       7.0688004266888316e-02, 8.7431943166056592e-01,
       -4.5090384688103502e-02, -9.9880949085147486e-01,
       -1.8613387485806432e-02, 7.6567775702532448e-01, 0., 0., 0., 1. ]
