...
---
C_M: !!opencv-matrix
   rows: 4
   cols: 4
   dt: d
   data: [ 4.6820927221319186e-01, -8.8351404448700377e-01,
       1.3528141328716436e-02, -5.2938449341147542e-01,
       -3.4803611981535421e-02, -3.3737566166855082e-02,
       -9.9882455177181939e-01, 8.0812620349097353e-01,
       8.8293192603203097e-01, 4.6718808827211522e-01,
       -4.6545721285790320e-02, 5.3927802085309828e-01, 0., 0., 0., 1. ]
...
---
M_C: !!opencv-matrix
   rows: 4
   cols: 4
   dt: d
   data: [ 4.6820927221319186e-01, -3.4803611981535421e-02,
       8.8293192603203097e-01, -2.0015734241902050e-01,
       -8.8351404448700377e-01, -3.3737566166855082e-02,
       4.6718808827211522e-01, -6.9239869121075892e-01,
       1.3528141328716436e-02, -9.9882455177181939e-01,
       -4.6545721285790320e-02, 8.3943896567521603e-01, 0., 0., 0., 1. ]
