...
---
C_M: !!opencv-matrix
   rows: 4
   cols: 4
   dt: d
   data: [ 3.6268610045658511e-02, -9.9929426464159199e-01,
       -9.7755091824184293e-03, -1.2931809110554937e-01,
       -4.8453148573572302e-02, 8.0120393166742687e-03,
       -9.9879332177347657e-01, 8.7985015293703853e-02,
       9.9816675977446934e-01, 3.6698499702408294e-02,
       -4.8128367943750916e-02, 5.2572939185367007e-01, 0., 0., 0., 1. ]
...
---
M_C: !!opencv-matrix
   rows: 4
   cols: 4
   dt: d
   data: [ 3.6268610045658511e-02, -4.8453148573572302e-02,
       9.9816675977446934e-01, -5.1581226514835021e-01,
       -9.9929426464159199e-01, 8.0120393166742687e-03,
       3.6698499702408294e-02, -1.4922524608847493e-01,
       -9.7755091824184293e-03, -9.9879332177347657e-01,
       -4.8128367943750916e-02, 1.1191719311441133e-01, 0., 0., 0., 1. ]
