...
---
C_M: !!opencv-matrix
   rows: 4
   cols: 4
   dt: d
   data: [ 9.9870995599136936e-01, -2.7531409739386937e-02,
       -4.2666676475663967e-02, 3.4836984168475932e-01,
       2.4519914333982287e-02, 9.9727599293564950e-01,
       -6.9565564148279482e-02, 1.3637090515233916e-01,
       4.4465690197849808e-02, 6.8429638256943967e-02,
       9.9666453082431528e-01, 4.4142194334372292e-01, 0., 0., 0., 1. ]
...
---
M_C: !!opencv-matrix
   rows: 4
   cols: 4
   dt: d
   data: [ 9.9870995599136936e-01, 2.4519914333982287e-02,
       4.4465690197849808e-02, -3.7089236354894406e-01,
       -2.7531409739386937e-02, 9.9727599293564950e-01,
       6.8429638256943967e-02, -1.5661466089275203e-01,
       -4.2666676475663967e-02, -6.9565564148279482e-02,
       9.9666453082431528e-01, -4.1559909177885318e-01, 0., 0., 0., 1. ]
