...
---
C_M: !!opencv-matrix
   rows: 4
   cols: 4
   dt: d
   data: [ 8.0610712479655733e-01, 5.8449466675162176e-01,
       -9.2505610052245474e-02, 1.2100944201075428e+00,
       -1.4945049808079361e-01, 4.9825289205065973e-02,
       -9.8751303240971666e-01, -1.2403065207202824e+00,
       -5.7258698201725666e-01, 8.0986630075250210e-01,
       1.2751753969485000e-01, -1.8589525525042825e+00, 0., 0., 0., 1. ]
...
---
M_C: !!opencv-matrix
   rows: 4
   cols: 4
   dt: d
   data: [ 8.0610712479655733e-01, -1.4945049808079361e-01,
       -5.7258698201725666e-01, -2.2252421927714536e+00,
       5.8449466675162176e-01, 4.9825289205065973e-02,
       8.0986630075250210e-01, 8.6000792325012676e-01,
       -9.2505610052245474e-02, -9.8751303240971666e-01,
       1.2751753969485000e-01, -8.7582927493635720e-01, 0., 0., 0., 1. ]
