...
---
C_M: !!opencv-matrix
   rows: 4
   cols: 4
   dt: d
   data: [ -8.0442312329080423e-01, -5.9017056460893524e-01,
       6.7839099229266120e-02, -1.2326916252273346e+00,
       -1.2114551463932199e-02, -9.7875356538000391e-02,
       -9.9512494302242627e-01, 1.4182975640169060e+00,
       5.9393322550426098e-01, -8.0132335498956353e-01,
       7.1583548322046830e-02, 1.8141927239379692e+00, 0., 0., 0., 1. ]
...
---
M_C: !!opencv-matrix
   rows: 4
   cols: 4
   dt: d
   data: [ -8.0442312329080423e-01, -1.2114551463932199e-02,
       5.9393322550426098e-01, -2.0519329446041770e+00,
       -5.9017056460893524e-01, -9.7875356538000391e-02,
       -8.0132335498956353e-01, 8.6507306744963874e-01,
       6.7839099229266120e-02, -9.9512494302242627e-01,
       7.1583548322046830e-02, 1.3651416195445327e+00, 0., 0., 0., 1. ]
