...
---
C_M: !!opencv-matrix
   rows: 4
   cols: 4
   dt: d
   data: [ 1.2194742052877522e-01, -9.9218705780276295e-01,
       -2.6337595848418438e-02, 8.3205015125549320e-01,
       -1.0298283380674977e-01, 1.3743951168454893e-02,
       -9.9458817595395244e-01, 7.1181417863769003e-01,
       9.8717949865640398e-01, 1.2399978280213120e-01,
       -1.0050219548604350e-01, 6.4217824760831932e-01, 0., 0., 0., 1. ]
...
---
M_C: !!opencv-matrix
   rows: 4
   cols: 4
   dt: d
   data: [ 1.2194742052877522e-01, -1.0298283380674977e-01,
       9.8717949865640398e-01, -6.6210692895828005e-01,
       -9.9218705780276295e-01, 1.3743951168454893e-02,
       1.2399978280213120e-01, 7.3613628898263661e-01,
       -2.6337595848418438e-02, -9.9458817595395244e-01,
       -1.0050219548604350e-01, 7.9441648993681979e-01, 0., 0., 0., 1. ]
