...
---
C_M: !!opencv-matrix
   rows: 4
   cols: 4
   dt: d
   data: [ 1.4459804214104960e-01, 9.6866272113497975e-01,
       2.0195033768813539e-01, 7.1980237116364171e-02,
       -9.2862393479474925e-01, 6.2369881260260107e-02,
       3.6574251275712866e-01, -4.2830145337284348e-01,
       3.4168551905998679e-01, -2.4042156848951332e-01,
       9.0854195030815699e-01, 4.7694933963428774e+01, 0., 0., 0., 1. ]
...
---
M_C: !!opencv-matrix
   rows: 4
   cols: 4
   dt: d
   data: [ 1.4459804214104960e-01, -9.2862393479474925e-01,
       3.4168551905998679e-01, -1.6704807450095227e+01,
       9.6866272113497975e-01, 6.2369881260260107e-02,
       -2.4042156848951332e-01, 1.1423879370928688e+01,
       2.0195033768813539e-01, 3.6574251275712866e-01,
       9.0854195030815699e-01, -4.3190736706370743e+01, 0., 0., 0., 1. ]
