...
---
C_M: !!opencv-matrix
   rows: 4
   cols: 4
   dt: d
   data: [ 4.7733027972296155e-01, -8.7847882317279846e-01,
       2.0754789725140499e-02, -5.8205271340034659e-01,
       -4.2572285192612747e-02, -4.6710674951682185e-02,
       -9.9800085840596209e-01, 8.2518948937485526e-01,
       8.7769208985445379e-01, 4.7549245007938218e-01,
       -5.9695270536517853e-02, 5.7897253429270867e-01, 0., 0., 0., 1. ]
...
---
M_C: !!opencv-matrix
   rows: 4
   cols: 4
   dt: d
   data: [ 4.7733027972296155e-01, -4.2572285192612747e-02,
       8.7769208985445379e-01, -1.9519802681118786e-01,
       -8.7847882317279846e-01, -4.6710674951682185e-02,
       4.7549245007938218e-01, -7.4807289354024631e-01,
       2.0754789725140499e-02, -9.9800085840596209e-01,
       -5.9695270536517853e-02, 8.7018212248707139e-01, 0., 0., 0., 1. ]
