...
---
C_M: !!opencv-matrix
   rows: 4
   cols: 4
   dt: d
   data: [ 3.6232669839094023e-01, -2.4431808041080838e-01,
       -8.9945985970331011e-01, -7.7263160692422561e-01,
       8.1543274160016710e-01, -3.8431099757764953e-01,
       4.3286776395027016e-01, -1.6942491562614479e+00,
       -4.5142973712368084e-01, -8.9028856710914217e-01,
       5.9978827224237197e-02, -1.3263027440709949e+00, 0., 0., 0., 1. ]
...
---
M_C: !!opencv-matrix
   rows: 4
   cols: 4
   dt: d
   data: [ 3.6232669839094023e-01, 8.1543274160016710e-01,
       -4.5142973712368084e-01, 1.0627587945509980e+00,
       -2.4431808041080838e-01, -3.8431099757764953e-01,
       -8.9028856710914217e-01, -2.0206786240282621e+00,
       -8.9945985970331011e-01, 4.3286776395027016e-01,
       5.9978827224237197e-02, 1.1798481021278377e-01, 0., 0., 0., 1. ]
