...
---
C_M: !!opencv-matrix
   rows: 4
   cols: 4
   dt: d
   data: [ -9.5809203976269519e-02, -9.9538134139431089e-01,
       -6.0482755803412669e-03, 2.2767604097954630e-01,
       -5.1352381587449092e-02, 1.1010814320021045e-02,
       -9.9861989509187477e-01, 1.0795326599255414e-01,
       9.9407420715896788e-01, -9.5366383868070503e-02,
       -5.2170139823439543e-02, 2.5350199025442205e-01, 0., 0., 0., 1. ]
...
---
M_C: !!opencv-matrix
   rows: 4
   cols: 4
   dt: d
   data: [ -9.5809203976269519e-02, -5.1352381587449092e-02,
       9.9407420715896788e-01, -2.2464267241580516e-01,
       -9.9538134139431089e-01, 1.1010814320021045e-02,
       -9.5366383868070503e-02, 2.4961139782040612e-01,
       -6.0482755803412669e-03, -9.9861989509187477e-01,
       -5.2170139823439543e-02, 1.2240656087628844e-01, 0., 0., 0., 1. ]
