...
---
C_M: !!opencv-matrix
   rows: 4
   cols: 4
   dt: d
   data: [ -8.4344562097647435e-01, -5.3657250782954957e-01,
       2.6256966639683854e-02, -1.0237550332724363e+00,
       3.5952797324369345e-02, -1.0514623244867272e-01,
       -9.9380665431783188e-01, 1.3905196853734838e+00,
       5.3601014992270657e-01, -8.3727785928170673e-01,
       1.0797641194483198e-01, 1.8933912345006905e+00, 0., 0., 0., 1. ]
...
---
M_C: !!opencv-matrix
   rows: 4
   cols: 4
   dt: d
   data: [ -8.4344562097647435e-01, 3.5952797324369345e-02,
       5.3601014992270657e-01, -1.9283516916570935e+00,
       -5.3657250782954957e-01, -1.0514623244867272e-01,
       -8.3727785928170673e-01, 1.1821836600621065e+00,
       2.6256966639683854e-02, -9.9380665431783188e-01,
       1.0797641194483198e-01, 1.2043468261307684e+00, 0., 0., 0., 1. ]
