...
---
C_M: !!opencv-matrix
   rows: 4
   cols: 4
   dt: d
   data: [ -8.5057651451076188e-02, 9.9558854731458490e-01,
       3.9606065011077884e-02, -1.0924108617337958e+00,
       -7.6485576687628287e-02, 3.3108642658590537e-02,
       -9.9652083487505005e-01, -3.0030401555612202e-01,
       -9.9343603341553299e-01, -8.7791014559237379e-02,
       7.3332020797681474e-02, -7.4095036400286274e-01, 0., 0., 0., 1. ]
...
---
M_C: !!opencv-matrix
   rows: 4
   cols: 4
   dt: d
   data: [ -8.5057651451076188e-02, -7.6485576687628287e-02,
       -9.9343603341553299e-01, -8.5197361870294275e-01,
       9.9558854731458490e-01, 3.3108642658590537e-02,
       -8.7791014559237379e-02, 1.0324856170503636e+00,
       3.9606065011077884e-02, -9.9652083487505005e-01,
       7.3332020797681474e-02, -2.0165772518657285e-01, 0., 0., 0., 1. ]
