...
---
C_M: !!opencv-matrix
   rows: 4
   cols: 4
   dt: d
   data: [ 1.0599344628929019e-01, -9.9401862359464221e-01,
       -2.6312835094906006e-02, 1.0302171562518390e+00,
       -1.0352694669741025e-01, 1.5286612932846722e-02,
       -9.9450917078353407e-01, 9.0790293953439238e-01,
       9.8896287121975934e-01, 1.0813554185397939e-01,
       -1.0128743227427311e-01, 6.0546853990572913e-01, 0., 0., 0., 1. ]
...
---
M_C: !!opencv-matrix
   rows: 4
   cols: 4
   dt: d
   data: [ 1.0599344628929019e-01, -1.0352694669741025e-01,
       9.8896287121975934e-01, -6.1398975324829075e-01,
       -9.9401862359464221e-01, 1.5286612932846722e-02,
       1.0813554185397939e-01, 9.4470361020553983e-01,
       -2.6312835094906006e-02, -9.9450917078353407e-01,
       -1.0128743227427311e-01, 9.9135208742258385e-01, 0., 0., 0., 1. ]
