...
---
C_M: !!opencv-matrix
   rows: 4
   cols: 4
   dt: d
   data: [ -8.3826702046715895e-01, -5.4454684348493354e-01,
       2.7877188662183083e-02, -1.0733841615215416e+00,
       3.5965990026639472e-02, -1.0623584669710795e-01,
       -9.9369028999882647e-01, 1.3974976752451038e+00,
       5.4407246756155137e-01, -8.3197516797506843e-01,
       1.0863917301940718e-01, 1.9286625940404107e+00, 0., 0., 0., 1. ]
...
---
M_C: !!opencv-matrix
   rows: 4
   cols: 4
   dt: d
   data: [ -8.3826702046715895e-01, 3.5965990026639472e-02,
       5.4407246756155137e-01, -1.9993771469786483e+00,
       -5.4454684348493354e-01, -1.0623584669710795e-01,
       -8.3197516797506843e-01, 1.1685557774276281e+00,
       2.7877188662183083e-02, -9.9369028999882647e-01,
       1.0863917301940718e-01, 1.2090744937147135e+00, 0., 0., 0., 1. ]
