...
---
C_M: !!opencv-matrix
   rows: 4
   cols: 4
   dt: d
   data: [ -8.0517556470348106e-01, -5.8180627622487668e-01,
       -1.1486412385846548e-01, -1.1421474585239719e+00,
       1.7479808419007800e-01, -4.7748716856787388e-02,
       -9.8344582453839757e-01, 7.5364181686023990e-01,
       5.6669033851646777e-01, -8.1192457592061629e-01,
       1.4014472251290211e-01, 1.7259526922015076e+00, 0., 0., 0., 1. ]
...
---
M_C: !!opencv-matrix
   rows: 4
   cols: 4
   dt: d
   data: [ -8.0517556470348106e-01, 1.7479808419007800e-01,
       5.6669033851646777e-01, -2.0294450860514659e+00,
       -5.8180627622487668e-01, -4.7748716856787388e-02,
       -8.1192457592061629e-01, 7.7282027765591055e-01,
       -1.1486412385846548e-01, -9.8344582453839757e-01,
       1.4014472251290211e-01, 3.6809096972922900e-01, 0., 0., 0., 1. ]
