...
---
C_M: !!opencv-matrix
   rows: 4
   cols: 4
   dt: d
   data: [ 4.6839933899572078e-01, -8.8333327289618047e-01,
       1.8010780740813581e-02, -5.2299381898225406e-01,
       -5.8397402342399929e-02, -5.1293888646624874e-02,
       -9.9697476416766317e-01, 8.8257224895447672e-01,
       8.8158482440887775e-01, 4.6593053772212595e-01,
       -7.5610392076346400e-02, 5.9925087941691557e-01, 0., 0., 0., 1. ]
...
---
M_C: !!opencv-matrix
   rows: 4
   cols: 4
   dt: d
   data: [ 4.6839933899572078e-01, -5.8397402342399929e-02,
       8.8158482440887775e-01, -2.3178059547906033e-01,
       -8.8333327289618047e-01, -5.1293888646624874e-02,
       4.6593053772212595e-01, -6.9591656364277510e-01,
       1.8010780740813581e-02, -9.9697476416766317e-01,
       -7.5610392076346400e-02, 9.3463138070961205e-01, 0., 0., 0., 1. ]
