...
---
C_M: !!opencv-matrix
   rows: 4
   cols: 4
   dt: d
   data: [ -3.0714511051641469e-02, -9.9921209313141068e-01,
       -2.5135865825621995e-02, -3.7392018208515246e-02,
       -5.6008381958556730e-02, 2.6828756617571781e-02,
       -9.9806977660318918e-01, 1.5758990078848775e-01,
       9.9795775459747960e-01, -2.9247406009767662e-02,
       -5.6788284711345116e-02, -9.7798662764029834e-02, 0., 0., 0., 1. ]
...
---
M_C: !!opencv-matrix
   rows: 4
   cols: 4
   dt: d
   data: [ -3.0714511051641469e-02, -5.6008381958556730e-02,
       9.9795775459747960e-01, 1.0527681169429141e-01,
       -9.9921209313141068e-01, 2.6828756617571781e-02,
       -2.9247406009767662e-02, -4.4450855071251891e-02,
       -2.5135865825621995e-02, -9.9806977660318918e-01,
       -5.6788284711345116e-02, 1.5079201801681372e-01, 0., 0., 0., 1. ]
