...
---
C_M: !!opencv-matrix
   rows: 4
   cols: 4
   dt: d
   data: [ -4.8380609343249559e-02, -9.9860393305877149e-01,
       -2.1201450873205074e-02, 3.0527322733881677e-02,
       -6.7937284262927722e-02, 2.4467110176052076e-02,
       -9.9738953570137856e-01, 1.9779425547054813e-01,
       9.9651585137746546e-01, -4.6813944495054272e-02,
       -6.9026172965476862e-02, 6.6758665344871002e-02, 0., 0., 0., 1. ]
...
---
M_C: !!opencv-matrix
   rows: 4
   cols: 4
   dt: d
   data: [ -4.8380609343249559e-02, -6.7937284262927722e-02,
       9.9651585137746546e-01, -5.1611533198007424e-02,
       -9.9860393305877149e-01, 2.4467110176052076e-02,
       -4.6813944495054272e-02, 2.8770487161039294e-02,
       -2.1201450873205074e-02, -9.9738953570137856e-01,
       -6.9026172965476862e-02, 2.0253323934244216e-01, 0., 0., 0., 1. ]
