...
---
C_M: !!opencv-matrix
   rows: 4
   cols: 4
   dt: d
   data: [ 9.9749653926756598e-01, 7.0688376469359840e-02,
       -1.9513024765338005e-03, 1.6532898498202067e-01,
       7.6552687992784141e-03, -1.3537425436303011e-01,
       -9.9076496108575829e-01, 9.3691922938035599e-01,
       -7.0299722679678239e-02, 9.8826968216564226e-01,
       -1.3557648875590730e-01, 3.6200173224125681e-01, 0., 0., 0., 1. ]
...
---
M_C: !!opencv-matrix
   rows: 4
   cols: 4
   dt: d
   data: [ 9.9749653926756598e-01, 7.6552687992784141e-03,
       -7.0299722679678239e-02, -1.4663883751818094e-01,
       7.0688376469359840e-02, -1.3537425436303011e-01,
       9.8826968216564226e-01, -2.4260743232143453e-01,
       -1.9513024765338005e-03, -9.9076496108575829e-01,
       -1.3557648875590730e-01, 9.7766827447619098e-01, 0., 0., 0., 1. ]
