...
---
C_M: !!opencv-matrix
   rows: 4
   cols: 4
   dt: d
   data: [ -8.0907251652358803e-01, -5.8551780005889542e-01,
       5.0700777315339784e-02, -1.2093729187680415e+00,
       -4.5360763379141411e-03, -8.0044628469678192e-02,
       -9.9678095962182578e-01, 1.4927246627770692e+00,
       5.8769131950169640e-01, -8.0669806202032168e-01,
       6.2105955551883585e-02, 1.8786821729534073e+00, 0., 0., 0., 1. ]
...
---
M_C: !!opencv-matrix
   rows: 4
   cols: 4
   dt: d
   data: [ -8.0907251652358803e-01, -4.5360763379141411e-03,
       5.8769131950169640e-01, -2.0757844829285945e+00,
       -5.8551780005889542e-01, -8.0044628469678192e-02,
       -8.0669806202032168e-01, 9.2690448826528771e-01,
       5.0700777315339784e-02, -9.9678095962182578e-01,
       6.2105955551883585e-02, 1.4325583173301939e+00, 0., 0., 0., 1. ]
...
---
C_M: !!opencv-matrix
   rows: 4
   cols: 4
   dt: d
   data: [ -8.0907251652358803e-01, -5.8551780005889542e-01,
       5.0700777315339784e-02, -1.2093729187680415e+00,
       -4.5360763379141411e-03, -8.0044628469678192e-02,
       -9.9678095962182578e-01, 1.4927246627770692e+00,
       5.8769131950169640e-01, -8.0669806202032168e-01,
       6.2105955551883585e-02, 1.8786821729534073e+00, 0., 0., 0., 1. ]
...
---
M_C: !!opencv-matrix
   rows: 4
   cols: 4
   dt: d
   data: [ -8.0907251652358803e-01, -4.5360763379141411e-03,
       5.8769131950169640e-01, -2.0757844829285945e+00,
       -5.8551780005889542e-01, -8.0044628469678192e-02,
       -8.0669806202032168e-01, 9.2690448826528771e-01,
       5.0700777315339784e-02, -9.9678095962182578e-01,
       6.2105955551883585e-02, 1.4325583173301939e+00, 0., 0., 0., 1. ]
